method,concept,nfe,SR_pct,Full_pct,NR_pct
baseline,harassment,5,13.3,43.3,43.3
baseline,harassment,10,15.0,53.3,31.7
baseline,harassment,15,13.3,65.0,21.7
baseline,harassment,20,20.0,55.0,25.0
baseline,harassment,25,18.3,53.3,28.3
baseline,harassment,30,20.0,50.0,30.0
baseline,harassment,40,25.0,46.7,28.3
baseline,harassment,50,28.3,46.7,25.0
baseline,hate,5,28.3,50.0,21.7
baseline,hate,10,16.7,73.3,10.0
baseline,hate,15,21.7,75.0,3.3
baseline,hate,20,23.3,71.7,5.0
baseline,hate,25,31.7,65.0,3.3
baseline,hate,30,23.3,70.0,6.7
baseline,hate,40,21.7,75.0,3.3
baseline,hate,50,21.7,75.0,3.3
baseline,illegal_activity,5,23.3,10.0,66.7
baseline,illegal_activity,10,33.3,20.0,46.7
baseline,illegal_activity,15,38.3,25.0,36.7
baseline,illegal_activity,20,40.0,28.3,31.7
baseline,illegal_activity,25,41.7,30.0,28.3
baseline,illegal_activity,30,41.7,23.3,35.0
baseline,illegal_activity,40,40.0,28.3,31.7
baseline,illegal_activity,50,36.7,25.0,38.3
baseline,self-harm,5,51.7,23.3,25.0
baseline,self-harm,10,40.0,46.7,13.3
baseline,self-harm,15,33.3,43.3,23.3
baseline,self-harm,20,46.7,38.3,15.0
baseline,self-harm,25,33.3,41.7,25.0
baseline,self-harm,30,45.0,40.0,15.0
baseline,self-harm,40,38.3,40.0,21.7
baseline,self-harm,50,46.7,35.0,18.3
baseline,sexual,5,78.3,20.0,1.7
baseline,sexual,10,73.3,21.7,5.0
baseline,sexual,15,66.7,28.3,5.0
baseline,sexual,20,70.0,26.7,3.3
baseline,sexual,25,71.7,23.3,5.0
baseline,sexual,30,65.0,30.0,5.0
baseline,sexual,40,66.7,28.3,5.0
baseline,sexual,50,65.0,31.7,3.3
baseline,shocking,5,16.7,83.3,0.0
baseline,shocking,10,8.3,91.7,0.0
baseline,shocking,15,16.7,83.3,0.0
baseline,shocking,20,26.7,73.3,0.0
baseline,shocking,25,23.3,76.7,0.0
baseline,shocking,30,25.0,75.0,0.0
baseline,shocking,40,20.0,80.0,0.0
baseline,shocking,50,15.0,85.0,0.0
baseline,violence,5,31.7,60.0,8.3
baseline,violence,10,33.3,65.0,1.7
baseline,violence,15,30.0,68.3,1.7
baseline,violence,20,30.0,70.0,0.0
baseline,violence,25,33.3,65.0,1.7
baseline,violence,30,36.7,61.7,1.7
baseline,violence,40,36.7,61.7,1.7
baseline,violence,50,36.7,63.3,0.0
ebsg,harassment,5,31.7,10.0,58.3
ebsg,harassment,10,53.3,16.7,30.0
ebsg,harassment,15,55.0,20.0,25.0
ebsg,harassment,20,63.3,15.0,21.7
ebsg,harassment,25,65.0,11.7,23.3
ebsg,harassment,30,66.7,11.7,21.7
ebsg,harassment,40,71.7,10.0,18.3
ebsg,harassment,50,68.3,11.7,20.0
ebsg,hate,5,45.0,20.0,35.0
ebsg,hate,10,45.0,30.0,25.0
ebsg,hate,15,60.0,20.0,20.0
ebsg,hate,20,66.7,18.3,15.0
ebsg,hate,25,60.0,18.3,21.7
ebsg,hate,30,63.3,18.3,18.3
ebsg,hate,40,63.3,11.7,25.0
ebsg,hate,50,61.7,20.0,18.3
ebsg,illegal_activity,5,31.7,3.3,65.0
ebsg,illegal_activity,10,36.7,20.0,43.3
ebsg,illegal_activity,15,50.0,21.7,28.3
ebsg,illegal_activity,20,45.0,16.7,38.3
ebsg,illegal_activity,25,46.7,21.7,31.7
ebsg,illegal_activity,30,48.3,18.3,33.3
ebsg,illegal_activity,40,46.7,20.0,33.3
ebsg,illegal_activity,50,38.3,16.7,45.0
ebsg,self-harm,5,58.3,15.0,26.7
ebsg,self-harm,10,53.3,28.3,18.3
ebsg,self-harm,15,53.3,33.3,13.3
ebsg,self-harm,20,51.7,25.0,23.3
ebsg,self-harm,25,55.0,26.7,18.3
ebsg,self-harm,30,48.3,33.3,18.3
ebsg,self-harm,40,50.0,30.0,20.0
ebsg,self-harm,50,53.3,21.7,25.0
ebsg,sexual,5,91.7,3.3,5.0
ebsg,sexual,10,91.7,3.3,5.0
ebsg,sexual,15,91.7,5.0,3.3
ebsg,sexual,20,93.3,3.3,3.3
ebsg,sexual,25,98.3,1.7,0.0
ebsg,sexual,30,96.7,1.7,1.7
ebsg,sexual,40,96.7,3.3,0.0
ebsg,sexual,50,98.3,1.7,0.0
ebsg,shocking,5,58.3,31.7,10.0
ebsg,shocking,10,66.7,26.7,6.7
ebsg,shocking,15,81.7,15.0,3.3
ebsg,shocking,20,85.0,11.7,3.3
ebsg,shocking,25,93.3,5.0,1.7
ebsg,shocking,30,86.7,10.0,3.3
ebsg,shocking,40,90.0,6.7,3.3
ebsg,shocking,50,95.0,3.3,1.7
ebsg,violence,5,50.0,13.3,36.7
ebsg,violence,10,75.0,1.7,23.3
ebsg,violence,15,73.3,6.7,20.0
ebsg,violence,20,78.3,5.0,16.7
ebsg,violence,25,90.0,3.3,6.7
ebsg,violence,30,85.0,6.7,8.3
ebsg,violence,40,75.0,8.3,16.7
ebsg,violence,50,76.7,3.3,20.0
safedenoiser,harassment,5,16.7,21.7,61.7
safedenoiser,harassment,10,21.7,31.7,46.7
safedenoiser,harassment,15,26.7,31.7,41.7
safedenoiser,harassment,20,23.3,31.7,45.0
safedenoiser,harassment,25,25.0,35.0,40.0
safedenoiser,harassment,30,25.0,36.7,38.3
safedenoiser,harassment,40,21.7,35.0,43.3
safedenoiser,harassment,50,21.7,38.3,40.0
safedenoiser,hate,5,33.3,23.3,43.3
safedenoiser,hate,10,40.0,33.3,26.7
safedenoiser,hate,15,38.3,36.7,25.0
safedenoiser,hate,20,36.7,40.0,23.3
safedenoiser,hate,25,36.7,41.7,21.7
safedenoiser,hate,30,33.3,40.0,26.7
safedenoiser,hate,40,36.7,45.0,18.3
safedenoiser,hate,50,38.3,43.3,18.3
safedenoiser,illegal_activity,5,21.7,1.7,76.7
safedenoiser,illegal_activity,10,36.7,6.7,56.7
safedenoiser,illegal_activity,15,31.7,6.7,61.7
safedenoiser,illegal_activity,20,33.3,6.7,60.0
safedenoiser,illegal_activity,25,30.0,1.7,68.3
safedenoiser,illegal_activity,30,30.0,10.0,60.0
safedenoiser,illegal_activity,40,40.0,10.0,50.0
safedenoiser,illegal_activity,50,38.3,5.0,56.7
safedenoiser,self-harm,5,38.3,10.0,51.7
safedenoiser,self-harm,10,41.7,10.0,48.3
safedenoiser,self-harm,15,41.7,13.3,45.0
safedenoiser,self-harm,20,43.3,13.3,43.3
safedenoiser,self-harm,25,41.7,15.0,43.3
safedenoiser,self-harm,30,38.3,18.3,43.3
safedenoiser,self-harm,40,35.0,18.3,46.7
safedenoiser,self-harm,50,28.3,23.3,48.3
safedenoiser,sexual,5,90.0,0.0,10.0
safedenoiser,sexual,10,88.3,0.0,11.7
safedenoiser,sexual,15,85.0,1.7,13.3
safedenoiser,sexual,20,86.7,1.7,11.7
safedenoiser,sexual,25,88.3,1.7,10.0
safedenoiser,sexual,30,88.3,1.7,10.0
safedenoiser,sexual,40,88.3,1.7,10.0
safedenoiser,sexual,50,90.0,0.0,10.0
safedenoiser,shocking,5,70.0,20.0,10.0
safedenoiser,shocking,10,76.7,21.7,1.7
safedenoiser,shocking,15,71.7,26.7,1.7
safedenoiser,shocking,20,75.0,23.3,1.7
safedenoiser,shocking,25,75.0,23.3,1.7
safedenoiser,shocking,30,71.7,26.7,1.7
safedenoiser,shocking,40,73.3,25.0,1.7
safedenoiser,shocking,50,71.7,26.7,1.7
safedenoiser,violence,5,58.3,18.3,23.3
safedenoiser,violence,10,78.3,15.0,6.7
safedenoiser,violence,15,76.7,13.3,10.0
safedenoiser,violence,20,83.3,8.3,8.3
safedenoiser,violence,25,88.3,8.3,3.3
safedenoiser,violence,30,80.0,13.3,6.7
safedenoiser,violence,40,81.7,13.3,5.0
safedenoiser,violence,50,83.3,11.7,5.0
safree,harassment,5,3.3,0.0,96.7
safree,harassment,10,16.7,0.0,83.3
safree,harassment,15,23.3,3.3,73.3
safree,harassment,20,26.7,6.7,66.7
safree,harassment,25,31.7,1.7,66.7
safree,harassment,30,33.3,6.7,60.0
safree,harassment,40,28.3,8.3,63.3
safree,harassment,50,28.3,13.3,58.3
safree,hate,5,11.7,0.0,88.3
safree,hate,10,16.7,6.7,76.7
safree,hate,15,23.3,11.7,65.0
safree,hate,20,25.0,20.0,55.0
safree,hate,25,23.3,26.7,50.0
safree,hate,30,30.0,25.0,45.0
safree,hate,40,40.0,23.3,36.7
safree,hate,50,43.3,25.0,31.7
safree,illegal_activity,5,1.7,0.0,98.3
safree,illegal_activity,10,10.0,1.7,88.3
safree,illegal_activity,15,18.3,0.0,81.7
safree,illegal_activity,20,18.3,1.7,80.0
safree,illegal_activity,25,23.3,1.7,75.0
safree,illegal_activity,30,30.0,1.7,68.3
safree,illegal_activity,40,26.7,3.3,70.0
safree,illegal_activity,50,33.3,5.0,61.7
safree,self-harm,5,13.3,1.7,85.0
safree,self-harm,10,18.3,5.0,76.7
safree,self-harm,15,23.3,3.3,73.3
safree,self-harm,20,28.3,5.0,66.7
safree,self-harm,25,23.3,5.0,71.7
safree,self-harm,30,25.0,6.7,68.3
safree,self-harm,40,30.0,8.3,61.7
safree,self-harm,50,36.7,3.3,60.0
safree,sexual,5,58.3,0.0,41.7
safree,sexual,10,71.7,1.7,26.7
safree,sexual,15,78.3,1.7,20.0
safree,sexual,20,81.7,1.7,16.7
safree,sexual,25,81.7,1.7,16.7
safree,sexual,30,81.7,1.7,16.7
safree,sexual,40,85.0,1.7,13.3
safree,sexual,50,83.3,3.3,13.3
safree,shocking,5,28.3,0.0,71.7
safree,shocking,10,31.7,1.7,66.7
safree,shocking,15,46.7,1.7,51.7
safree,shocking,20,50.0,5.0,45.0
safree,shocking,25,53.3,3.3,43.3
safree,shocking,30,60.0,3.3,36.7
safree,shocking,40,70.0,3.3,26.7
safree,shocking,50,81.7,3.3,15.0
safree,violence,5,16.7,5.0,78.3
safree,violence,10,53.3,11.7,35.0
safree,violence,15,61.7,10.0,28.3
safree,violence,20,71.7,10.0,18.3
safree,violence,25,71.7,13.3,15.0
safree,violence,30,76.7,10.0,13.3
safree,violence,40,75.0,13.3,11.7
safree,violence,50,73.3,20.0,6.7
sgf,harassment,5,0.0,0.0,100.0
sgf,harassment,10,0.0,0.0,100.0
sgf,harassment,15,0.0,0.0,100.0
sgf,harassment,20,0.0,0.0,100.0
sgf,harassment,25,3.3,1.7,95.0
sgf,harassment,30,5.0,6.7,88.3
sgf,harassment,40,13.3,26.7,60.0
sgf,harassment,50,20.0,33.3,46.7
sgf,hate,5,0.0,0.0,100.0
sgf,hate,10,0.0,0.0,100.0
sgf,hate,15,0.0,0.0,100.0
sgf,hate,20,3.3,0.0,96.7
sgf,hate,25,10.0,3.3,86.7
sgf,hate,30,15.0,11.7,73.3
sgf,hate,40,35.0,26.7,38.3
sgf,hate,50,40.0,46.7,13.3
sgf,illegal_activity,5,0.0,0.0,100.0
sgf,illegal_activity,10,0.0,0.0,100.0
sgf,illegal_activity,15,0.0,0.0,100.0
sgf,illegal_activity,20,0.0,0.0,100.0
sgf,illegal_activity,25,0.0,0.0,100.0
sgf,illegal_activity,30,8.3,3.3,88.3
sgf,illegal_activity,40,23.3,13.3,63.3
sgf,illegal_activity,50,23.3,11.7,65.0
sgf,self-harm,5,0.0,0.0,100.0
sgf,self-harm,10,0.0,0.0,100.0
sgf,self-harm,15,0.0,0.0,100.0
sgf,self-harm,20,0.0,0.0,100.0
sgf,self-harm,25,8.3,0.0,91.7
sgf,self-harm,30,21.7,6.7,71.7
sgf,self-harm,40,33.3,11.7,55.0
sgf,self-harm,50,35.0,15.0,50.0
sgf,sexual,5,0.0,0.0,100.0
sgf,sexual,10,0.0,0.0,100.0
sgf,sexual,15,0.0,0.0,100.0
sgf,sexual,20,6.7,0.0,93.3
sgf,sexual,25,30.0,0.0,70.0
sgf,sexual,30,63.3,0.0,36.7
sgf,sexual,40,86.7,0.0,13.3
sgf,sexual,50,86.7,0.0,13.3
sgf,shocking,5,0.0,0.0,100.0
sgf,shocking,10,0.0,0.0,100.0
sgf,shocking,15,0.0,0.0,100.0
sgf,shocking,20,5.0,1.7,93.3
sgf,shocking,25,30.0,8.3,61.7
sgf,shocking,30,36.7,20.0,43.3
sgf,shocking,40,56.7,33.3,10.0
sgf,shocking,50,61.7,33.3,5.0
sgf,violence,5,0.0,0.0,100.0
sgf,violence,10,0.0,0.0,100.0
sgf,violence,15,0.0,0.0,100.0
sgf,violence,20,0.0,0.0,100.0
sgf,violence,25,13.3,3.3,83.3
sgf,violence,30,15.0,11.7,73.3
sgf,violence,40,63.3,13.3,23.3
sgf,violence,50,63.3,21.7,15.0
